% Budget terms in the transport equation of turbulent kinetic energy and other useful terms
% Channel flow at Re_tau=2000, bulk Reynolds number: Re_b=Ub*delta/nu=43500
% Simulations performed using SIMSON on a (Lx,Ly,Lz)/delta=(2*pi,2,pi) domain on a grid of size 1152x480x960
% grid resolutions: dx+=10.9, dz+=6.5, dy+=0.04->26
% all quantities (except column 1) are reported in inner units
%
% 	y/h		y+	  	TKE+   	       u'v'+  	      du+/dy+	   dissipation+	    production+ 	  pressure_trans+  turbulent_trans+  viscous_diff+    convection+
%----------------------------------------------------------------------------------------------------------------------------------------------------------------------------------------
   0.0000000e+00	   0.0000000e+00	   7.0518655e-26	  -6.1994549e-32	   1.0000000e+00	  -2.7081266e-01	   6.1983112e-32	  -1.4518862e-06	  -2.3173066e-05	   2.8574336e-01	  -2.1514518e-31	
   2.1398067e-05	   4.2885639e-02	   2.4846956e-04	  -8.5652204e-08	   1.0000399e+00	  -2.6857463e-01	   8.5655707e-08	   1.0797231e-03	   1.2057523e-05	   2.6860255e-01	  -7.8712927e-18	
   8.5651875e-05	   1.7166202e-01	   3.9286241e-03	  -5.5553669e-06	   9.9993616e-01	  -2.6261184e-01	   5.5550227e-06	   4.0908605e-03	  -1.2161202e-06	   2.5824633e-01	  -2.4972740e-15	
   1.9276142e-04	   3.8632911e-01	   1.9521132e-02	  -6.4578067e-05	   9.9978822e-01	  -2.5389111e-01	   6.4564454e-05	   8.4235333e-03	   1.4028925e-04	   2.4510106e-01	  -1.8359249e-14	
   3.4266710e-04	   6.8676752e-01	   6.0205474e-02	  -3.7190391e-04	   9.9933994e-01	  -2.4399954e-01	   3.7165880e-04	   1.3226018e-02	   7.0831034e-04	   2.2978061e-01	   4.9995590e-16	
   5.3542852e-04	   1.0730966e+00	   1.4281854e-01	  -1.4533217e-03	   9.9802953e-01	  -2.3395325e-01	   1.4504592e-03	   1.7645737e-02	   2.7609058e-03	   2.1146525e-01	  -5.6908180e-14	
   7.7098608e-04	   1.5451970e+00	   2.8639132e-01	  -4.4144699e-03	   9.9486399e-01	  -2.2366963e-01	   4.3918011e-03	   2.1013757e-02	   7.8579336e-03	   1.9043922e-01	   9.1661928e-14	
   1.0493398e-03	   2.1030688e+00	   5.1022297e-01	  -1.1160046e-02	   9.8770124e-01	  -2.1287087e-01	   1.1022800e-02	   2.2996260e-02	   1.7919257e-02	   1.5976158e-01	   1.3015741e-14	
   1.3704896e-03	   2.7467117e+00	   8.2945055e-01	  -2.4388820e-02	   9.7405171e-01	  -2.0022660e-01	   2.3755973e-02	   2.3578007e-02	   3.2880232e-02	   1.1974691e-01	   4.5205320e-12	
   1.7343760e-03	   3.4760065e+00	   1.2499282e+00	  -4.7168698e-02	   9.5054197e-01	  -1.8632099e-01	   4.4835862e-02	   2.2972384e-02	   4.9393550e-02	   6.7698389e-02	  -1.0760644e-12	
   2.1410584e-03	   4.2910724e+00	   1.7612453e+00	  -8.2088411e-02	   9.1497999e-01	  -1.7180449e-01	   7.5109310e-02	   2.1484833e-02	   6.0554497e-02	   1.2481835e-02	   2.5231900e-10	
   2.5905371e-03	   5.1919098e+00	   2.3356121e+00	  -1.3029902e-01	   8.6568326e-01	  -1.5980530e-01	   1.1279777e-01	   1.9376697e-02	   6.0251325e-02	  -3.4271710e-02	   1.4199867e-12	
   3.0826926e-03	   6.1782794e+00	   2.9326665e+00	  -1.9092809e-01	   8.0402261e-01	  -1.5101461e-01	   1.5351062e-01	   1.6822916e-02	   4.5767497e-02	  -6.8152010e-02	  -6.3997961e-13	
   3.6175251e-03	   7.2501817e+00	   3.5080075e+00	  -2.6113820e-01	   7.3231810e-01	  -1.4643726e-01	   1.9123639e-01	   1.3957907e-02	   2.0932397e-02	  -8.1222720e-02	   1.5980617e-09	
   4.1950941e-03	   8.4077358e+00	   4.0250769e+00	  -3.3681270e-01	   6.5544581e-01	  -1.4384556e-01	   2.2076267e-01	   1.0913548e-02	  -8.1891995e-03	  -8.3525099e-02	   2.8719436e-08	
   4.8152804e-03	   9.6507025e+00	   4.4581995e+00	  -4.1351736e-01	   5.7714307e-01	  -1.4268349e-01	   2.3865892e-01	   7.8476202e-03	  -3.3847153e-02	  -7.0991747e-02	   2.0290564e-12	
   5.4780841e-03	   1.0979082e+01	   4.7994113e+00	  -4.8735967e-01	   5.0185007e-01	  -1.4098090e-01	   2.4458177e-01	   4.9876571e-03	  -5.2273732e-02	  -5.9675984e-02	  -4.3657558e-09	
   6.1835647e-03	   1.2392994e+01	   5.0489655e+00	  -5.5554491e-01	   4.3223113e-01	  -1.3827908e-01	   2.4012408e-01	   2.5216569e-03	  -6.2003113e-02	  -4.2505704e-02	  -7.2847138e-11	
   6.9315434e-03	   1.3892080e+01	   5.2186193e+00	  -6.1643535e-01	   3.6998507e-01	  -1.3438137e-01	   2.2807164e-01	   6.0439768e-04	  -6.3971080e-02	  -3.4357984e-02	  -6.6736564e-12	
   7.7220798e-03	   1.5476460e+01	   5.3167219e+00	  -6.6944414e-01	   3.1555712e-01	  -1.2955798e-01	   2.1124864e-01	  -6.9936021e-04	  -6.0216639e-02	  -1.9904984e-02	  -2.8303581e-12	
   8.5551143e-03	   1.7146013e+01	   5.3627648e+00	  -7.1471548e-01	   2.6887605e-01	  -1.2399017e-01	   1.9217014e-01	  -1.4206241e-03	  -5.3460583e-02	  -1.6426086e-02	  -1.5404410e-12	
   9.4306469e-03	   1.8900740e+01	   5.3640075e+00	  -7.5288886e-01	   2.2952786e-01	  -1.1784545e-01	   1.7280921e-01	  -1.6294597e-03	  -4.4904627e-02	  -8.9107333e-03	  -3.6989123e-12	
   1.0348618e-02	   2.0740522e+01	   5.3338828e+00	  -7.8474462e-01	   1.9643953e-01	  -1.1147210e-01	   1.5415514e-01	  -1.4829896e-03	  -3.6697406e-02	  -6.3873199e-03	  -1.8204834e-12	
   1.1308968e-02	   2.2665239e+01	   5.2803702e+00	  -8.1116670e-01	   1.6886541e-01	  -1.0497666e-01	   1.3697827e-01	  -1.0933346e-03	  -2.8666537e-02	  -2.6401235e-03	   2.3223773e-10	
   1.2311637e-02	   2.4674772e+01	   5.2127395e+00	  -8.3293134e-01	   1.4576846e-01	  -9.8553024e-02	   1.2141538e-01	  -6.1549182e-04	  -2.1820311e-02	  -1.4314513e-03	   6.1227377e-11	
   1.3356686e-02	   2.6769239e+01	   5.1372724e+00	  -8.5080248e-01	   1.2662803e-01	  -9.2237450e-02	   1.0773569e-01	  -1.1011684e-04	  -1.6112311e-02	   9.8174263e-04	  -1.0002640e-07	
   1.4443934e-02	   2.8948284e+01	   5.0610194e+00	  -8.6537272e-01	   1.1052711e-01	  -8.6191095e-02	   9.5647372e-02	   3.3176196e-04	  -1.0984342e-02	  -7.4432162e-04	  -1.8883005e-12	
   1.5573442e-02	   3.1212025e+01	   4.9800811e+00	  -8.7722564e-01	   9.7554691e-02	  -8.0333859e-02	   8.5577644e-02	   7.2466576e-04	  -7.7318703e-03	   6.7316164e-04	   1.0382122e-07	
   1.6745090e-02	   3.3560223e+01	   4.8990545e+00	  -8.8682520e-01	   8.6360306e-02	  -7.4896812e-02	   7.6586619e-02	   1.0243979e-03	  -4.3492164e-03	   1.2629136e-03	   2.8476557e-10	
   1.7958879e-02	   3.5992878e+01	   4.8222532e+00	  -8.9458835e-01	   7.7116817e-02	  -6.9782980e-02	   6.8987884e-02	   1.2599523e-03	  -2.3296017e-03	   1.2359282e-03	   1.7516120e-12	
   1.9214749e-02	   3.8509872e+01	   4.7508521e+00	  -9.0083915e-01	   6.9231212e-02	  -6.5071680e-02	   6.2366229e-02	   1.3891500e-03	  -5.0771679e-04	   1.7606997e-03	  -8.8104274e-13	
   2.0512581e-02	   4.1110962e+01	   4.6877103e+00	  -9.0590066e-01	   6.2659182e-02	  -6.0716853e-02	   5.6763005e-02	   1.4406652e-03	   7.0178550e-04	   4.8935012e-04	   5.4871453e-08	
   2.1852374e-02	   4.3796154e+01	   4.6260290e+00	  -9.0997648e-01	   5.7310693e-02	  -5.6690861e-02	   5.2151367e-02	   1.4150945e-03	   1.4888888e-03	  -2.1921009e-04	   1.3659617e-12	
   2.3234129e-02	   4.6565441e+01	   4.5632119e+00	  -9.1323102e-01	   5.2541263e-02	  -5.3047046e-02	   4.7982283e-02	   1.3593168e-03	   2.3788526e-03	   1.7987897e-03	  -1.1215175e-07	
   2.4657667e-02	   4.9418472e+01	   4.5096335e+00	  -9.1570234e-01	   4.8469387e-02	  -4.9724057e-02	   4.4383489e-02	   1.2850371e-03	   3.2342405e-03	   2.9916162e-04	   5.6629581e-08	
   2.6123047e-02	   5.2355362e+01	   4.4590445e+00	  -9.1761416e-01	   4.5113504e-02	  -4.6658888e-02	   4.1396737e-02	   1.2118486e-03	   2.8994717e-03	   7.3097239e-04	   1.0719589e-13	
   2.7630091e-02	   5.5375751e+01	   4.4127569e+00	  -9.1903514e-01	   4.2110115e-02	  -4.3849654e-02	   3.8700618e-02	   1.1171455e-03	   3.5726847e-03	   3.6114495e-04	   4.5708543e-13	
   2.9178798e-02	   5.8479645e+01	   4.3678789e+00	  -9.2010057e-01	   3.9608285e-02	  -4.1268319e-02	   3.6444198e-02	   9.9003897e-04	   2.9218362e-03	  -4.2102896e-04	  -5.8152711e-08	
   3.0769110e-02	   6.1666920e+01	   4.3216076e+00	  -9.2090350e-01	   3.7255093e-02	  -3.8927391e-02	   3.4308325e-02	   8.4603066e-04	   3.1236848e-03	   2.1760073e-03	  -5.8624387e-08	
   3.2400906e-02	   6.4937340e+01	   4.2909255e+00	  -9.2151934e-01	   3.5125736e-02	  -3.6780957e-02	   3.2369040e-02	   7.1171578e-04	   2.6564058e-03	  -5.8443577e-04	  -4.1979776e-14	
   3.4074187e-02	   6.8290901e+01	   4.2562709e+00	  -9.2198348e-01	   3.3572339e-02	  -3.4777500e-02	   3.0953143e-02	   5.6577235e-04	   2.5446890e-03	  -4.2412023e-04	  -9.3411336e-14	
   3.5788834e-02	   7.1727364e+01	   4.2179561e+00	  -9.2226177e-01	   3.1825956e-02	  -3.2957099e-02	   2.9351870e-02	   3.9821755e-04	   2.4413567e-03	   1.2814185e-03	   8.8276710e-14	
   3.7544787e-02	   7.5246620e+01	   4.1890950e+00	  -9.2238528e-01	   3.0377556e-02	  -3.1265043e-02	   2.8020419e-02	   2.1825299e-04	   2.2830009e-03	  -5.4403715e-04	   1.4097544e-10	
   3.9341927e-02	   7.8848412e+01	   4.1588397e+00	  -9.2232168e-01	   2.9012738e-02	  -2.9707305e-02	   2.6759088e-02	   4.5208235e-05	   2.1674319e-03	   1.3402775e-03	  -1.2157687e-07	
   4.1180253e-02	   8.2532753e+01	   4.1381316e+00	  -9.2199832e-01	   2.7759181e-02	  -2.8265757e-02	   2.5593337e-02	  -1.2097576e-04	   2.2923835e-03	  -1.2922167e-03	   3.7228985e-13	
   4.3059647e-02	   8.6299408e+01	   4.1067543e+00	  -9.2138100e-01	   2.6818946e-02	  -2.6909301e-02	   2.4711054e-02	  -2.6994734e-04	   1.9547585e-03	   7.1480626e-04	   6.1586690e-08	
   4.4980049e-02	   9.0148239e+01	   4.0806041e+00	  -9.2051369e-01	   2.5611717e-02	  -2.5656231e-02	   2.3576526e-02	  -4.0165326e-04	   2.1447763e-03	   3.2475760e-04	  -1.4319250e-10	
   4.6941340e-02	   9.4079025e+01	   4.0590730e+00	  -9.1942191e-01	   2.4642566e-02	  -2.4471229e-02	   2.2656946e-02	  -4.7643189e-04	   2.1324405e-03	  -2.9171194e-04	   1.1380876e-12	
   4.8943460e-02	   9.8091644e+01	   4.0341501e+00	  -9.1824853e-01	   2.3737596e-02	  -2.3366870e-02	   2.1797076e-02	  -5.2709330e-04	   1.6459255e-03	   2.5436259e-04	  -2.3759358e-13	
   5.0986350e-02	   1.0218597e+02	   4.0117817e+00	  -9.1705936e-01	   2.2936871e-02	  -2.2342056e-02	   2.1035131e-02	  -5.1578425e-04	   1.4910535e-03	   1.2363856e-04	  -3.5032621e-13	
   5.3069890e-02	   1.0636176e+02	   3.9911206e+00	  -9.1587168e-01	   2.2096541e-02	  -2.1387257e-02	   2.0237710e-02	  -5.0975458e-04	   1.4090529e-03	  -5.6183271e-05	   2.0121639e-13	
   5.5193961e-02	   1.1061879e+02	   3.9691346e+00	  -9.1466826e-01	   2.1388315e-02	  -2.0492779e-02	   1.9563343e-02	  -4.7151453e-04	   1.1681605e-03	  -4.0878946e-05	  -7.9250853e-13	
   5.7358503e-02	   1.1495692e+02	   3.9471729e+00	  -9.1343206e-01	   2.0605685e-02	  -1.9655885e-02	   1.8822590e-02	  -4.7887725e-04	   1.1144672e-03	   4.4740803e-04	   8.2483342e-13	
   5.9563458e-02	   1.1937606e+02	   3.9304178e+00	  -9.1213673e-01	   1.9902010e-02	  -1.8860584e-02	   1.8153474e-02	  -4.5043079e-04	   9.7147352e-04	  -4.1485686e-04	  -6.7803429e-14	
   6.1808646e-02	   1.2387582e+02	   3.9082448e+00	  -9.1082424e-01	   1.9370567e-02	  -1.8112335e-02	   1.7642729e-02	  -4.5939520e-04	   7.7233638e-04	   1.4296977e-04	   1.2937856e-07	
   6.4094067e-02	   1.2845622e+02	   3.8872538e+00	  -9.0945101e-01	   1.8693026e-02	  -1.7418990e-02	   1.7000441e-02	  -4.4344901e-04	   6.6977943e-04	   1.9756173e-04	  -1.8359763e-13	
   6.6419601e-02	   1.3311702e+02	   3.8697608e+00	  -9.0798450e-01	   1.8089026e-02	  -1.6765961e-02	   1.6425094e-02	  -4.7187274e-04	   7.7428814e-04	   2.0329986e-05	   5.5384957e-14	
   6.8785071e-02	   1.3785786e+02	   3.8527596e+00	  -9.0644139e-01	   1.7550746e-02	  -1.6148023e-02	   1.5908660e-02	  -4.9192063e-04	   4.8390357e-04	   3.9395973e-06	  -2.6842859e-13	
   7.1190476e-02	   1.4267873e+02	   3.8351316e+00	  -9.0488148e-01	   1.7105984e-02	  -1.5556584e-02	   1.5478798e-02	  -5.1615550e-04	   5.6434324e-04	  -5.9336853e-05	  -2.5446249e-13	
   7.3635638e-02	   1.4757928e+02	   3.8164062e+00	  -9.0323097e-01	   1.6616048e-02	  -1.4996787e-02	   1.5008027e-02	  -5.2637502e-04	   5.1489589e-04	   3.1143347e-05	   7.3200628e-14	
   7.6120496e-02	   1.5255939e+02	   3.7972202e+00	  -9.0143985e-01	   1.6144563e-02	  -1.4468318e-02	   1.4552713e-02	  -5.1590765e-04	   3.5067854e-04	  -1.8605640e-05	   1.3358897e-07	
   7.8644872e-02	   1.5761870e+02	   3.7789028e+00	  -8.9946520e-01	   1.5682762e-02	  -1.3967683e-02	   1.4106013e-02	  -5.0514069e-04	   3.9707965e-04	   2.6181809e-04	  -6.7104303e-08	
   8.1208766e-02	   1.6275722e+02	   3.7627847e+00	  -8.9736629e-01	   1.5321376e-02	  -1.3491970e-02	   1.3748283e-02	  -4.6826326e-04	   2.3654119e-04	  -6.9520308e-04	   1.3482159e-07	
   8.3812058e-02	   1.6797469e+02	   3.7348812e+00	  -8.9519030e-01	   1.4933343e-02	  -1.3041293e-02	   1.3368124e-02	  -4.3071687e-04	   4.4332683e-05	   5.8296823e-04	  -4.5697777e-13	
   8.6454511e-02	   1.7327065e+02	   3.7165012e+00	  -8.9296782e-01	   1.4447503e-02	  -1.2614374e-02	   1.2900563e-02	  -3.6249406e-04	   9.2959526e-06	  -4.3014384e-06	  -3.9324356e-11	
   8.9136183e-02	   1.7864520e+02	   3.7002413e+00	  -8.9068270e-01	   1.4104806e-02	  -1.2203351e-02	   1.2562844e-02	  -3.0549392e-04	  -1.5976872e-04	   2.3073314e-06	  -6.8448365e-08	
   9.1856837e-02	   1.8409790e+02	   3.6835108e+00	  -8.8827622e-01	   1.3656782e-02	  -1.1815187e-02	   1.2130940e-02	  -2.4389081e-04	  -1.0167562e-04	   5.0315401e-05	   6.0130882e-13	
   9.4616354e-02	   1.8962846e+02	   3.6672041e+00	  -8.8580668e-01	   1.3419840e-02	  -1.1436890e-02	   1.1887348e-02	  -2.4681998e-04	  -3.8808541e-04	  -1.6533068e-04	   4.0404003e-13	
   9.7414732e-02	   1.9523694e+02	   3.6480291e+00	  -8.8328797e-01	   1.3032068e-02	  -1.1084464e-02	   1.1511569e-02	  -2.5910971e-04	  -1.8580364e-04	   3.1726039e-04	  -1.6668611e-10	
   1.0025173e-01	   2.0092281e+02	   3.6351032e+00	  -8.8070112e-01	   1.2703476e-02	  -1.0744570e-02	   1.1187961e-02	  -2.8323298e-04	  -3.6516786e-04	  -2.2047026e-04	   1.3801755e-13	
   1.0312724e-01	   2.0668585e+02	   3.6175873e+00	  -8.7810224e-01	   1.2449590e-02	  -1.0415551e-02	   1.0932009e-02	  -2.6756854e-04	  -3.3974490e-04	   8.1081846e-05	  -1.3433628e-13	
   1.0604119e-01	   2.1252594e+02	   3.6019545e+00	  -8.7534267e-01	   1.2095495e-02	  -1.0103594e-02	   1.0587701e-02	  -2.3809058e-04	  -3.2334344e-04	   7.8206882e-05	  -3.4251662e-13	
   1.0899347e-01	   2.1844284e+02	   3.5859206e+00	  -8.7256461e-01	   1.1890014e-02	  -9.8028434e-03	   1.0374807e-02	  -2.2484850e-04	  -5.3183222e-04	  -4.2078472e-04	   1.2931077e-10	
   1.1198390e-01	   2.2443620e+02	   3.5624683e+00	  -8.6989462e-01	   1.1541376e-02	  -9.5210122e-03	   1.0039781e-02	  -2.3529840e-04	  -4.2313524e-04	   7.2688592e-04	   1.2937830e-10	
   1.1501235e-01	   2.3050577e+02	   3.5534101e+00	  -8.6734825e-01	   1.1238801e-02	  -9.2537450e-03	   9.7479410e-03	  -2.5952503e-04	  -5.0608790e-04	  -7.2314020e-04	   1.8592272e-13	
   1.1807871e-01	   2.3665132e+02	   3.5298703e+00	  -8.6484897e-01	   1.1079616e-02	  -8.9992490e-03	   9.5826471e-03	  -2.6012282e-04	  -4.6598251e-04	   5.5730733e-04	  -3.6274542e-11	
   1.2118292e-01	   2.4287273e+02	   3.5175424e+00	  -8.6231691e-01	   1.0725562e-02	  -8.7573323e-03	   9.2487447e-03	  -2.4712807e-04	  -4.4743461e-04	  -1.8421748e-04	   6.0184540e-13	
   1.2432468e-01	   2.4916939e+02	   3.5026340e+00	  -8.5977131e-01	   1.0602582e-02	  -8.5192109e-03	   9.1156736e-03	  -2.1903012e-04	  -5.6017394e-04	  -5.9198792e-05	   3.5990248e-13	
   1.2750399e-01	   2.5554131e+02	   3.4843533e+00	  -8.5723925e-01	   1.0354158e-02	  -8.2952017e-03	   8.8758506e-03	  -1.9282450e-04	  -4.7980109e-04	   9.3957526e-05	   2.1413543e-13	
   1.3072067e-01	   2.6198813e+02	   3.4688492e+00	  -8.5472459e-01	   1.0170414e-02	  -8.0760997e-03	   8.6922906e-03	  -1.9442619e-04	  -6.0309051e-04	  -8.0898593e-05	  -6.0400003e-13	
   1.3397461e-01	   2.6850961e+02	   3.4512808e+00	  -8.5203820e-01	   9.9036368e-03	  -7.8650573e-03	   8.4381988e-03	  -1.9791731e-04	  -6.1963714e-04	   9.9276418e-05	  -8.4746688e-15	
   1.3726562e-01	   2.7510541e+02	   3.4362960e+00	  -8.4915102e-01	   9.7665433e-03	  -7.6586525e-03	   8.2932319e-03	  -1.8790958e-04	  -5.9325981e-04	  -7.5187731e-05	   3.3434499e-13	
   1.4059359e-01	   2.8177527e+02	   3.4182367e+00	  -8.4606558e-01	   9.5065450e-03	  -7.4607874e-03	   8.0431597e-03	  -1.5279766e-04	  -4.3733884e-04	  -7.2284980e-05	   7.2945355e-08	
   1.4395839e-01	   2.8851892e+02	   3.3984404e+00	  -8.4304059e-01	   9.2854211e-03	  -7.2683948e-03	   7.8280130e-03	  -1.1112920e-04	  -6.0255732e-04	   2.1130197e-04	   6.0376031e-11	
   1.4735985e-01	   2.9533609e+02	   3.3844392e+00	  -8.4012240e-01	   9.0742363e-03	  -7.0851939e-03	   7.6235062e-03	  -8.1246595e-05	  -5.4759823e-04	  -1.3756601e-04	   4.4955437e-13	
   1.5079784e-01	   3.0222644e+02	   3.3681078e+00	  -8.3735752e-01	   8.8722846e-03	  -6.9100233e-03	   7.4297790e-03	  -7.8275567e-05	  -4.0288721e-04	   2.0307716e-04	   5.4465032e-13	
   1.5427220e-01	   3.0918970e+02	   3.3565531e+00	  -8.3472162e-01	   8.6835818e-03	  -6.7392928e-03	   7.2484072e-03	  -9.5712094e-05	  -4.5533429e-04	  -2.3103939e-04	   7.3781862e-08	
   1.5778279e-01	   3.1622556e+02	   3.3377948e+00	  -8.3219165e-01	   8.5721137e-03	  -6.5763230e-03	   7.1336580e-03	  -1.3858048e-04	  -4.0027846e-04	  -3.8942999e-06	   3.4383897e-13	
   1.6132945e-01	   3.2333371e+02	   3.3165112e+00	  -8.2970262e-01	   8.3674286e-03	  -6.4193117e-03	   6.9424598e-03	  -1.6728760e-04	  -3.9895767e-04	  -2.9697445e-05	  -9.5939912e-13	
   1.6491205e-01	   3.3051389e+02	   3.2951913e+00	  -8.2711405e-01	   8.1828842e-03	  -6.2610651e-03	   6.7681521e-03	  -1.8173542e-04	  -2.8210241e-04	   1.9752671e-04	   2.8484645e-13	
   1.6853040e-01	   3.3776575e+02	   3.2815170e+00	  -8.2445848e-01	   7.9370001e-03	  -6.1093043e-03	   6.5436782e-03	  -1.6327576e-04	  -3.3357661e-04	   1.3105872e-05	   1.9134089e-12	
   1.7218435e-01	   3.4508890e+02	   3.2680113e+00	  -8.2155800e-01	   7.8594685e-03	  -5.9626810e-03	   6.4569288e-03	  -1.5157631e-04	  -3.0202910e-04	  -2.1830677e-04	   4.5729533e-13	
   1.7587382e-01	   3.5248328e+02	   3.2457304e+00	  -8.1833118e-01	   7.7151349e-03	  -5.8241407e-03	   6.3134222e-03	  -1.4097043e-04	  -3.2273665e-04	   1.2933870e-04	   2.7328011e-11	
   1.7959857e-01	   3.5994836e+02	   3.2284415e+00	  -8.1476641e-01	   7.5502698e-03	  -5.6876768e-03	   6.1515155e-03	  -1.4203688e-04	  -2.5476204e-04	   1.3591576e-04	   3.3015333e-13	
   1.8335843e-01	   3.6748383e+02	   3.2174287e+00	  -8.1101692e-01	   7.3943739e-03	  -5.5519273e-03	   5.9966766e-03	  -1.4150456e-04	  -2.8386098e-04	  -1.4623936e-04	  -5.5520134e-13	
   1.8715334e-01	   3.7508951e+02	   3.1984370e+00	  -8.0705285e-01	   7.3312870e-03	  -5.4182778e-03	   5.9164157e-03	  -1.4069150e-04	  -2.1194169e-04	  -2.1596529e-04	  -8.5539032e-12	
   1.9098300e-01	   3.8276483e+02	   3.1712909e+00	  -8.0299383e-01	   7.1522836e-03	  -5.2912422e-03	   5.7433452e-03	  -1.3715572e-04	  -2.9841039e-04	   3.8639372e-04	  -7.6055450e-08	
   1.9484735e-01	   3.9050970e+02	   3.1595767e+00	  -7.9896200e-01	   6.9396305e-03	  -5.1648468e-03	   5.5441586e-03	  -1.4711978e-04	  -9.0647809e-05	  -1.2018436e-04	   5.1773511e-13	
   1.9874620e-01	   3.9832373e+02	   3.1436472e+00	  -7.9494977e-01	   6.8620862e-03	  -5.0389837e-03	   5.4551112e-03	  -1.5022729e-04	  -1.6881739e-04	  -1.4414880e-04	   7.6455557e-08	
   2.0267934e-01	   4.0620645e+02	   3.1218228e+00	  -7.9087514e-01	   6.7143729e-03	  -4.9174489e-03	   5.3099333e-03	  -1.4843188e-04	  -1.6234901e-04	   3.2132905e-04	   2.1702104e-11	
   2.0664668e-01	   4.1415771e+02	   3.1120861e+00	  -7.8675455e-01	   6.5077706e-03	  -4.8023695e-03	   5.1197247e-03	  -1.3735575e-04	  -1.0995746e-04	  -3.5625993e-04	   2.6942880e-11	
   2.1064794e-01	   4.2217697e+02	   3.0865996e+00	  -7.8264892e-01	   6.5000816e-03	  -4.6897116e-03	   5.0869263e-03	  -1.3886836e-04	  -2.4224672e-04	   1.9091978e-05	  -3.7773559e-11	
   2.1468306e-01	   4.3026410e+02	   3.0615475e+00	  -7.7858663e-01	   6.2316633e-03	  -4.5828922e-03	   4.8515052e-03	  -1.3726257e-04	  -8.1327935e-06	   2.5167447e-04	  -4.8642874e-11	
   2.1875179e-01	   4.3841858e+02	   3.0472579e+00	  -7.7445722e-01	   6.1543258e-03	  -4.4777603e-03	   4.7658710e-03	  -1.4395137e-04	  -1.1589924e-04	  -1.9386529e-04	   8.3210348e-12	
   2.2285402e-01	   4.4664020e+02	   3.0283692e+00	  -7.7033329e-01	   5.9725675e-03	  -4.3782056e-03	   4.6004942e-03	  -1.4603673e-04	  -2.1719385e-04	   3.1452475e-04	   7.7733432e-08	
   2.2698957e-01	   4.5492859e+02	   3.0187204e+00	  -7.6623982e-01	   5.9132208e-03	  -4.2815269e-03	   4.5306096e-03	  -1.2886038e-04	  -1.6962728e-04	  -4.7466799e-04	   7.6234075e-11	
   2.3115814e-01	   4.6328317e+02	   2.9917986e+00	  -7.6217222e-01	   5.7705473e-03	  -4.1898512e-03	   4.3977830e-03	  -1.0564674e-04	  -1.7182757e-04	   4.7591553e-04	  -9.9636341e-11	
   2.3535973e-01	   4.7170392e+02	   2.9818840e+00	  -7.5809079e-01	   5.6471648e-03	  -4.0959460e-03	   4.2806477e-03	  -1.0047358e-04	  -1.7919725e-04	  -3.7362639e-04	   8.7953744e-13	
   2.3959404e-01	   4.8019028e+02	   2.9586194e+00	  -7.5413984e-01	   5.5634258e-03	  -4.0044226e-03	   4.1946536e-03	  -1.0833098e-04	  -1.5865135e-04	   1.9679047e-04	   7.8411048e-08	
   2.4386090e-01	   4.8874182e+02	   2.9410653e+00	  -7.5039738e-01	   5.4698437e-03	  -3.9172238e-03	   4.1039889e-03	  -1.0546922e-04	  -2.5490776e-04	  -5.0174844e-05	  -1.1877573e-10	
   2.4816018e-01	   4.9735837e+02	   2.9244416e+00	  -7.4679339e-01	   5.3416640e-03	  -3.8327680e-03	   3.9888760e-03	  -1.1579788e-04	  -4.1238320e-05	   5.3161515e-05	   7.8771755e-08	
   2.5249171e-01	   5.0603955e+02	   2.9084094e+00	  -7.4309313e-01	   5.2377977e-03	  -3.7491154e-03	   3.8915144e-03	  -9.3868875e-05	   1.7282575e-05	  -6.0959181e-05	   7.8948446e-08	
   2.5685513e-01	   5.1478467e+02	   2.8904128e+00	  -7.3928112e-01	   5.0849984e-03	  -3.6704275e-03	   3.7585760e-03	  -1.1743429e-04	   1.3611316e-06	   4.9135284e-05	  -9.0275264e-13	
   2.6125050e-01	   5.2359375e+02	   2.8726368e+00	  -7.3536044e-01	   5.0401855e-03	  -3.5933102e-03	   3.7056594e-03	  -1.3460919e-04	   1.0808127e-04	  -1.1728034e-04	  -7.9348460e-08	
   2.6567745e-01	   5.3246619e+02	   2.8500500e+00	  -7.3142523e-01	   4.9263691e-03	  -3.5192464e-03	   3.6025869e-03	  -1.5362016e-04	  -4.6698497e-05	   1.3727669e-04	  -7.9464208e-08	
   2.7013594e-01	   5.4140179e+02	   2.8340752e+00	  -7.2745782e-01	   4.7829901e-03	  -3.4478125e-03	   3.4787748e-03	  -1.5706736e-04	   1.4392256e-05	   3.3791486e-05	  -5.7270318e-13	
   2.7462566e-01	   5.5040002e+02	   2.8221207e+00	  -7.2339982e-01	   4.6946737e-03	  -3.3789068e-03	   3.3954016e-03	  -1.6197358e-04	   1.0076471e-05	   1.0816705e-05	   6.9064307e-13	
   2.7914643e-01	   5.5946051e+02	   2.8090117e+00	  -7.1926332e-01	   4.6037887e-03	  -3.3092967e-03	   3.3101821e-03	  -1.6002884e-04	   2.1657601e-05	  -1.5932509e-04	   2.7756335e-13	
   2.8369808e-01	   5.6858282e+02	   2.7868032e+00	  -7.1500850e-01	   4.5693731e-03	  -3.2422803e-03	   3.2660626e-03	  -1.6491835e-04	   1.4790919e-04	   8.5557585e-05	   8.0358880e-08	
   2.8828037e-01	   5.7776654e+02	   2.7695146e+00	  -7.1063745e-01	   4.4148783e-03	  -3.1792184e-03	   3.1364202e-03	  -1.5361435e-04	   4.6531044e-05	   8.4956555e-05	  -1.3717090e-13	
   2.9289323e-01	   5.8701160e+02	   2.7569706e+00	  -7.0617598e-01	   4.3808706e-03	  -3.1163893e-03	   3.0931677e-03	  -1.5028454e-04	   2.0033443e-04	  -1.5918360e-04	   2.6708513e-10	
   2.9753637e-01	   5.9631726e+02	   2.7347713e+00	  -7.0158732e-01	   4.3182229e-03	  -3.0545315e-03	   3.0291211e-03	  -1.4481695e-04	   1.1381320e-04	   6.9598755e-05	   4.0885516e-13	
   3.0220950e-01	   6.0568311e+02	   2.7155170e+00	  -6.9687057e-01	   4.1921153e-03	  -2.9949164e-03	   2.9208630e-03	  -1.4670343e-04	   2.7833972e-04	   9.4124425e-06	   1.8890672e-10	
   3.0691266e-01	   6.1510907e+02	   2.6973982e+00	  -6.9211704e-01	   4.1584992e-03	  -2.9346605e-03	   2.8776499e-03	  -1.2996538e-04	   2.1452940e-04	  -3.1763218e-05	   8.0596024e-08	
   3.1164539e-01	   6.2459436e+02	   2.6775982e+00	  -6.8734300e-01	   4.1083489e-03	  -2.8758284e-03	   2.8229216e-03	  -1.2457477e-04	   1.4123820e-04	   5.4606644e-05	   2.9606244e-13	
   3.1640768e-01	   6.3413885e+02	   2.6596189e+00	  -6.8247002e-01	   4.0247063e-03	  -2.8194375e-03	   2.7462279e-03	  -1.2799201e-04	   2.7065157e-04	  -1.1672272e-04	  -3.1722927e-10	
   3.2119930e-01	   6.4374213e+02	   2.6342716e+00	  -6.7755735e-01	   4.0302561e-03	  -2.7616287e-03	   2.7301677e-03	  -1.4338347e-04	   2.0368515e-04	   7.8905228e-05	   5.5284542e-13	
   3.2601988e-01	   6.5340344e+02	   2.6147857e+00	  -6.7268008e-01	   3.9027992e-03	  -2.7073671e-03	   2.6247774e-03	  -1.3785467e-04	   2.7150527e-04	   1.5050384e-04	   8.1492452e-08	
   3.3086944e-01	   6.6312286e+02	   2.6038532e+00	  -6.6788417e-01	   3.8594587e-03	  -2.6560754e-03	   2.5770962e-03	  -1.2497960e-04	   6.8201778e-05	  -2.4946901e-04	  -8.1518415e-08	
   3.3574760e-01	   6.7289960e+02	   2.5767272e+00	  -6.6314703e-01	   3.8699990e-03	  -2.6050061e-03	   2.5658109e-03	  -9.8554126e-05	   1.4117161e-04	   1.1098632e-04	  -3.0844268e-14	
   3.4065419e-01	   6.8273328e+02	   2.5549300e+00	  -6.5827060e-01	   3.7440250e-03	  -2.5554285e-03	   2.4640237e-03	  -8.4769614e-05	   6.9350492e-05	   1.3220012e-05	  -1.4712764e-12	
   3.4558904e-01	   6.9262360e+02	   2.5349848e+00	  -6.5325022e-01	   3.7500272e-03	  -2.5056107e-03	   2.4492189e-03	  -8.7967899e-05	   1.3916344e-04	  -2.3103777e-05	  -1.6185629e-12	
   3.5055196e-01	   7.0257025e+02	   2.5146587e+00	  -6.4816540e-01	   3.6385981e-03	  -2.4586478e-03	   2.3579893e-03	  -9.8871409e-05	   1.3583362e-04	   8.2866936e-05	   8.2590645e-08	
   3.5554266e-01	   7.1257251e+02	   2.4968109e+00	  -6.4312565e-01	   3.6585932e-03	  -2.4100321e-03	   2.3524396e-03	  -1.0325989e-04	   1.3260014e-04	  -2.4043533e-04	   2.2775011e-13	
   3.6056101e-01	   7.2263019e+02	   2.4656289e+00	  -6.3816482e-01	   3.5166431e-03	  -2.3650799e-03	   2.2436110e-03	  -8.9493828e-05	   2.3039205e-04	   3.0462549e-04	  -1.4528313e-12	
   3.6560673e-01	   7.3274274e+02	   2.4540658e+00	  -6.3327318e-01	   3.5072267e-03	  -2.3188032e-03	   2.2204202e-03	  -8.3093626e-05	   2.5177476e-04	  -6.7482462e-05	  -2.0221315e-10	
   3.7067962e-01	   7.4290973e+02	   2.4408810e+00	  -6.2839133e-01	   3.4537003e-03	  -2.2738415e-03	   2.1696691e-03	  -7.8254940e-05	   2.5418101e-04	  -7.4875388e-05	   8.2764380e-08	
   3.7577945e-01	   7.5313074e+02	   2.4183519e+00	  -6.2347901e-01	   3.4590659e-03	  -2.2301404e-03	   2.1561007e-03	  -7.6430479e-05	   2.5461192e-04	  -6.9547837e-05	  -5.6307086e-13	
   3.8090605e-01	   7.6340533e+02	   2.3918319e+00	  -6.1841673e-01	   3.3976671e-03	  -2.1885554e-03	   2.1007045e-03	  -7.3170959e-05	   1.7525733e-04	   1.4019327e-04	   2.1324759e-10	
   3.8605917e-01	   7.7373315e+02	   2.3751488e+00	  -6.1326623e-01	   3.3659239e-03	  -2.1490639e-03	   2.0637491e-03	  -7.7346456e-05	   2.1851889e-04	  -3.0106177e-05	  -3.3226259e-13	
   3.9123857e-01	   7.8411365e+02	   2.3584640e+00	  -6.0802335e-01	   3.3182218e-03	  -2.1098321e-03	   2.0173672e-03	  -6.8388843e-05	   1.9481016e-04	   6.3230432e-06	   2.1932879e-10	
   3.9644408e-01	   7.9454645e+02	   2.3396416e+00	  -6.0270506e-01	   3.3546716e-03	  -2.0705739e-03	   2.0216540e-03	  -8.9403438e-05	   2.3574459e-04	  -1.2143821e-04	  -3.8863639e-13	
   4.0167540e-01	   8.0503094e+02	   2.3113401e+00	  -5.9729820e-01	   3.3245273e-03	  -2.0341179e-03	   1.9855103e-03	  -1.0896277e-04	   2.8779157e-04	   6.8835368e-05	  -5.1360213e-13	
   4.0693235e-01	   8.1556683e+02	   2.2883162e+00	  -5.9191090e-01	   3.2500452e-03	  -1.9977109e-03	   1.9235247e-03	  -1.0499141e-04	   2.5146492e-04	   1.0709739e-04	  -2.2992366e-10	
   4.1221476e-01	   8.2615375e+02	   2.2748287e+00	  -5.8653057e-01	   3.2080943e-03	  -1.9628720e-03	   1.8814295e-03	  -7.8764693e-05	   1.7707920e-04	  -9.4587042e-05	  -8.2973877e-08	
   4.1752231e-01	   8.3679102e+02	   2.2529604e+00	  -5.8120477e-01	   3.2057571e-03	  -1.9281226e-03	   1.8625906e-03	  -7.2580006e-05	   1.5787790e-04	  -4.6211608e-05	  -4.0428852e-10	
   4.2285478e-01	   8.4747827e+02	   2.2278907e+00	  -5.7591736e-01	   3.1513690e-03	  -1.8938072e-03	   1.8145646e-03	  -5.5794218e-05	   1.3346826e-04	   1.2233856e-04	   3.5728283e-13	
   4.2821205e-01	   8.5821521e+02	   2.2109518e+00	  -5.7063758e-01	   3.1036744e-03	  -1.8607962e-03	   1.7702465e-03	  -4.3939930e-05	   1.7523450e-04	  -9.9211837e-05	   4.2102391e-10	
   4.3359375e-01	   8.6900116e+02	   2.1890705e+00	  -5.6530482e-01	   3.0459426e-03	  -1.8262183e-03	   1.7209068e-03	  -3.1038671e-05	   1.3509033e-04	   1.0565011e-04	  -2.4933922e-10	
   4.3899977e-01	   8.7983582e+02	   2.1718318e+00	  -5.5998975e-01	   3.0147834e-03	  -1.7934369e-03	   1.6871651e-03	  -3.2352473e-05	   1.5504540e-04	  -1.7059203e-04	  -2.1426996e-14	
   4.4442976e-01	   8.9071851e+02	   2.1436522e+00	  -5.5472070e-01	   2.9784057e-03	  -1.7624231e-03	   1.6510384e-03	  -4.2919579e-05	   1.5974730e-04	   1.7349888e-04	   4.4691448e-10	
   4.4988358e-01	   9.0164893e+02	   2.1262238e+00	  -5.4957831e-01	   2.9156508e-03	  -1.7339149e-03	   1.6011498e-03	  -5.8715330e-05	   2.2852269e-04	  -1.0628452e-04	   2.1761099e-13	
   4.5536101e-01	   9.1262671e+02	   2.1034598e+00	  -5.4443282e-01	   2.9422333e-03	  -1.7052636e-03	   1.6006192e-03	  -6.3405059e-05	   7.7650686e-05	   8.2785780e-05	   4.7551008e-10	
   4.6086168e-01	   9.2365106e+02	   2.0863404e+00	  -5.3927147e-01	   2.8580492e-03	  -1.6759428e-03	   1.5403701e-03	  -5.9362428e-05	   2.6621317e-04	   3.3917990e-05	   4.7712832e-13	
   4.6638548e-01	   9.3472180e+02	   2.0732615e+00	  -5.3397489e-01	   2.8458533e-03	  -1.6470418e-03	   1.5185779e-03	  -4.5479235e-05	   2.0274008e-04	  -5.5047854e-05	  -4.8839916e-12	
   4.7193217e-01	   9.4583838e+02	   2.0540657e+00	  -5.2859747e-01	   2.8138566e-03	  -1.6185917e-03	   1.4861675e-03	  -4.0425359e-05	   6.6834902e-05	  -3.1962325e-05	  -2.2310772e-13	
   4.7750139e-01	   9.5700006e+02	   2.0312068e+00	  -5.2301103e-01	   2.8103476e-03	  -1.5908828e-03	   1.4690837e-03	  -3.8138125e-05	   2.0003054e-04	   2.0757541e-05	  -8.1406032e-10	
   4.8309314e-01	   9.6820697e+02	   2.0092323e+00	  -5.1733148e-01	   2.7811925e-03	  -1.5648940e-03	   1.4384749e-03	  -3.2171592e-05	   2.5437429e-04	  -2.2747046e-05	   6.1093487e-12	
   4.8870695e-01	   9.7945807e+02	   1.9858580e+00	  -5.1149714e-01	   2.7758111e-03	  -1.5380260e-03	   1.4195900e-03	  -3.1496966e-05	   3.5265688e-04	   4.9266739e-05	   8.2862067e-10	
   4.9434263e-01	   9.9075299e+02	   1.9673544e+00	  -5.0550979e-01	   2.6965889e-03	  -1.5132234e-03	   1.3630082e-03	  -5.3529460e-05	   4.2044613e-04	  -1.6640781e-05	  -2.1793403e-13	
   5.0000000e-01	   1.0020914e+03	   1.9459527e+00	  -4.9942866e-01	   2.7209690e-03	  -1.4889579e-03	   1.3586929e-03	  -7.8558973e-05	   3.2925283e-04	  -7.7206401e-05	  -8.4117441e-10	
   5.0567877e-01	   1.0134727e+03	   1.9196508e+00	  -4.9335447e-01	   2.6631234e-03	  -1.4643319e-03	   1.3140511e-03	  -1.0624746e-04	   4.0650211e-04	   1.5909245e-04	  -8.5140783e-10	
   5.1137877e-01	   1.0248965e+03	   1.9050896e+00	  -4.8735249e-01	   2.6374164e-03	  -1.4405560e-03	   1.2854275e-03	  -1.0181975e-04	   3.4589949e-04	  -1.4010620e-04	   4.2180368e-08	
   5.1709968e-01	   1.0363623e+03	   1.8830889e+00	  -4.8130271e-01	   2.6399945e-03	  -1.4179824e-03	   1.2708603e-03	  -1.0167212e-04	   3.7325511e-04	   1.8758916e-04	  -3.8735958e-13	
   5.2284122e-01	   1.0478694e+03	   1.8734226e+00	  -4.7525921e-01	   2.6141552e-03	  -1.3953170e-03	   1.2430316e-03	  -9.5124771e-05	   2.8982232e-04	  -2.0492055e-04	   4.3980805e-08	
   5.2860326e-01	   1.0594176e+03	   1.8482007e+00	  -4.6930957e-01	   2.6471177e-03	  -1.3714997e-03	   1.2427252e-03	  -1.0716078e-04	   3.6408228e-04	   9.9477475e-05	   3.0053229e-10	
   5.3438550e-01	   1.0710062e+03	   1.8279815e+00	  -4.6347654e-01	   2.5574502e-03	  -1.3489797e-03	   1.1857837e-03	  -1.1908087e-04	   3.5825747e-04	  -1.5374791e-05	  -3.2107447e-13	
   5.4018766e-01	   1.0826348e+03	   1.8108776e+00	  -4.5764211e-01	   2.5423260e-03	  -1.3277003e-03	   1.1638139e-03	  -1.2324314e-04	   4.0561100e-04	   7.4689342e-05	   2.9702743e-10	
   5.4600948e-01	   1.0943029e+03	   1.7982944e+00	  -4.5166960e-01	   2.5247291e-03	  -1.3072384e-03	   1.1409804e-03	  -1.0938688e-04	   3.9875368e-04	  -1.2121451e-04	  -1.1214450e-09	
   5.5185080e-01	   1.1060099e+03	   1.7757204e+00	  -4.4558886e-01	   2.5083271e-03	  -1.2864809e-03	   1.1182985e-03	  -9.0320355e-05	   3.1494227e-04	   5.1881991e-05	   4.3959993e-08	
   5.5771130e-01	   1.1177554e+03	   1.7547725e+00	  -4.3951517e-01	   2.4950434e-03	  -1.2672282e-03	   1.0975358e-03	  -8.1213082e-05	   2.3942732e-04	  -4.5690238e-05	   8.1350443e-10	
   5.6359076e-01	   1.1295389e+03	   1.7305485e+00	  -4.3353558e-01	   2.4992430e-03	  -1.2478720e-03	   1.0846399e-03	  -7.4060896e-05	   2.8302445e-04	   2.6501746e-05	   1.3023342e-13	
   5.6948888e-01	   1.1413599e+03	   1.7078224e+00	  -4.2764011e-01	   2.4614451e-03	  -1.2283815e-03	   1.0537638e-03	  -6.7058369e-05	   2.5124621e-04	   5.2906238e-05	   1.1328825e-12	
   5.7540548e-01	   1.1532178e+03	   1.6931823e+00	  -4.2179793e-01	   2.4201265e-03	  -1.2086750e-03	   1.0218185e-03	  -6.5513501e-05	   2.9853577e-04	   5.5822387e-05	  -7.7935325e-10	
   5.8134025e-01	   1.1651122e+03	   1.6833739e+00	  -4.1599655e-01	   2.4158433e-03	  -1.1890937e-03	   1.0061451e-03	  -5.8274974e-05	   3.7192905e-04	  -1.2505508e-04	   2.7285910e-10	
   5.8729297e-01	   1.1770425e+03	   1.6610758e+00	  -4.1017047e-01	   2.4469467e-03	  -1.1706837e-03	   1.0046210e-03	  -4.5775345e-05	   3.5671031e-04	  -4.0528616e-05	  -2.6877303e-10	
   5.9326333e-01	   1.1890082e+03	   1.6308188e+00	  -4.0431949e-01	   2.4365140e-03	  -1.1533715e-03	   9.8570669e-04	  -4.0156960e-05	   2.8326118e-04	   3.5777524e-05	  -4.3824258e-08	
   5.9925115e-01	   1.2010089e+03	   1.6092356e+00	  -3.9833128e-01	   2.3702413e-03	  -1.1369585e-03	   9.4445178e-04	  -5.0588111e-05	   3.4263000e-04	   1.9601556e-04	   4.3879730e-08	
   6.0525614e-01	   1.2130439e+03	   1.6034967e+00	  -3.9222732e-01	   2.3616371e-03	  -1.1223380e-03	   9.2661515e-04	  -6.2176448e-05	   2.9342767e-04	  -2.7491973e-04	  -3.7790886e-13	
   6.1127806e-01	   1.2251130e+03	   1.5751449e+00	  -3.8600168e-01	   2.3758984e-03	  -1.1061749e-03	   9.1677136e-04	  -7.4891534e-05	   2.9938642e-04	   2.1102549e-04	  -7.5003104e-10	
   6.1731654e-01	   1.2372152e+03	   1.5607632e+00	  -3.7957373e-01	   2.2857015e-03	  -1.0894000e-03	   8.6736388e-04	  -8.6015076e-05	   4.6126521e-04	  -1.8225067e-04	   2.6459737e-10	
   6.2337148e-01	   1.2493505e+03	   1.5335375e+00	  -3.7305075e-01	   2.3031128e-03	  -1.0723744e-03	   8.5903535e-04	  -9.1779402e-05	   3.9487236e-04	   1.8694940e-04	   2.6547858e-10	
   6.2944257e-01	   1.2615179e+03	   1.5218874e+00	  -3.6664689e-01	   2.1824450e-03	  -1.0566148e-03	   7.9973799e-04	  -8.4530890e-05	   2.7428774e-04	  -1.1292458e-04	  -7.6291262e-10	
   6.3552952e-01	   1.2737173e+03	   1.5007080e+00	  -3.6042601e-01	   2.3005283e-03	  -1.0396641e-03	   8.2845340e-04	  -7.5926349e-05	   3.2475503e-04	  -2.7511011e-05	  -5.1410227e-13	
   6.4163208e-01	   1.2859480e+03	   1.4748204e+00	  -3.5436183e-01	   2.1762815e-03	  -1.0241453e-03	   7.7061343e-04	  -7.2196046e-05	   3.0772234e-04	   5.2528638e-05	  -5.0462279e-10	
   6.4774996e-01	   1.2982094e+03	   1.4525961e+00	  -3.4831181e-01	   2.2586796e-03	  -1.0080287e-03	   7.8600715e-04	  -7.5409363e-05	   3.2949846e-04	  -6.4341039e-05	   7.8423951e-10	
   6.5388292e-01	   1.3105010e+03	   1.4294260e+00	  -3.4221253e-01	   2.1462741e-03	  -9.9327450e-04	   7.3372829e-04	  -7.4564778e-05	   2.8238754e-04	   1.9804118e-04	  -5.1607940e-10	
   6.6003078e-01	   1.3228224e+03	   1.4207489e+00	  -3.3607191e-01	   2.1834078e-03	  -9.7802072e-04	   7.3298282e-04	  -7.5914126e-05	   2.3838218e-04	  -3.1917915e-04	  -5.1238332e-12	
   6.6619313e-01	   1.3351729e+03	   1.3859456e+00	  -3.2990694e-01	   2.1695136e-03	  -9.6310436e-04	   7.1490865e-04	  -7.2967967e-05	   3.7933569e-04	   3.0868009e-04	   6.6703391e-14	
   6.7236984e-01	   1.3475521e+03	   1.3752180e+00	  -3.2379770e-01	   2.0994255e-03	  -9.4837457e-04	   6.7880674e-04	  -7.7090190e-05	   2.9657921e-04	  -2.3866090e-04	  -4.3941800e-08	
   6.7856055e-01	   1.3599594e+03	   1.3468227e+00	  -3.1770459e-01	   2.1284912e-03	  -9.3353569e-04	   6.7553465e-04	  -7.2498719e-05	   3.6060138e-04	   1.6860424e-04	  -2.8871258e-10	
   6.8476504e-01	   1.3723943e+03	   1.3308100e+00	  -3.1151274e-01	   2.0666227e-03	  -9.1970665e-04	   6.4323691e-04	  -6.9600632e-05	   3.5533065e-04	  -4.8447058e-05	  -4.4707385e-14	
   6.9098300e-01	   1.3848562e+03	   1.3145496e+00	  -3.0525407e-01	   2.0551018e-03	  -9.0618676e-04	   6.2701548e-04	  -6.1282190e-05	   4.3017950e-04	   2.7924691e-05	  -3.4161062e-14	
   6.9721425e-01	   1.3973448e+03	   1.2974571e+00	  -2.9891357e-01	   2.0488733e-03	  -8.9206797e-04	   6.1215565e-04	  -6.9070156e-05	   4.9078150e-04	  -6.8997353e-05	   1.9572482e-13	
   7.0345843e-01	   1.4098593e+03	   1.2722901e+00	  -2.9256839e-01	   2.0127108e-03	  -8.7762723e-04	   5.8882259e-04	  -7.8050492e-05	   4.3726753e-04	   2.0800435e-05	   4.4762512e-08	
   7.0971531e-01	   1.4223992e+03	   1.2495884e+00	  -2.8632560e-01	   1.9646045e-03	  -8.6361391e-04	   5.6254660e-04	  -9.0682581e-05	   2.6731801e-04	   1.0640424e-04	   4.4810523e-08	
   7.1598464e-01	   1.4349641e+03	   1.2374176e+00	  -2.8012908e-01	   1.8894695e-03	  -8.5087930e-04	   5.2987150e-04	  -9.2510796e-05	   5.2108063e-04	  -1.6113704e-04	   4.4856971e-08	
   7.2226614e-01	   1.4475533e+03	   1.2100633e+00	  -2.7382442e-01	   1.9260619e-03	  -8.3853857e-04	   5.2816712e-04	  -9.6896591e-05	   4.5324964e-04	   1.7530685e-04	   8.5039220e-10	
   7.2855955e-01	   1.4601665e+03	   1.1990062e+00	  -2.6755849e-01	   1.8103974e-03	  -8.2652440e-04	   4.8556583e-04	  -9.9517936e-05	   4.4606545e-04	  -1.0484042e-04	  -4.5784887e-08	
   7.3486459e-01	   1.4728030e+03	   1.1757101e+00	  -2.6137888e-01	   1.8779176e-03	  -8.1373297e-04	   4.9244164e-04	  -1.0169771e-04	   5.4038520e-04	  -6.1302409e-05	  -8.4368927e-14	
   7.4118096e-01	   1.4854622e+03	   1.1475217e+00	  -2.5519323e-01	   1.7685259e-03	  -8.0195424e-04	   4.5339880e-04	  -9.2649461e-05	   4.5515140e-04	   2.0234793e-04	  -1.0765767e-09	
   7.4750841e-01	   1.4981436e+03	   1.1384858e+00	  -2.4891195e-01	   1.7934089e-03	  -7.8956143e-04	   4.4876637e-04	  -9.0993424e-05	   4.4208710e-04	  -2.0979509e-04	  -4.5863402e-08	
   7.5384670e-01	   1.5108466e+03	   1.1126766e+00	  -2.4261838e-01	   1.7621812e-03	  -7.7645580e-04	   4.3001783e-04	  -9.6242686e-05	   4.5233010e-04	   1.9082328e-04	   4.5125088e-08	
   7.6019555e-01	   1.5235709e+03	   1.1023680e+00	  -2.3638396e-01	   1.6903104e-03	  -7.6462672e-04	   4.0223068e-04	  -9.8456381e-05	   3.9109500e-04	  -1.2500871e-04	  -7.3230039e-10	
   7.6655465e-01	   1.5363157e+03	   1.0848652e+00	  -2.3014089e-01	   1.6875244e-03	  -7.5347134e-04	   3.9110679e-04	  -8.9530979e-05	   3.9648212e-04	   8.7197666e-05	  -4.5208601e-08	
   7.7292371e-01	   1.5490804e+03	   1.0704180e+00	  -2.2386238e-01	   1.7141938e-03	  -7.4279599e-04	   3.8685312e-04	  -8.1336388e-05	   4.5381224e-04	  -1.4896666e-04	  -4.5250754e-08	
   7.7930254e-01	   1.5618647e+03	   1.0462914e+00	  -2.1760119e-01	   1.6225579e-03	  -7.3247828e-04	   3.5623324e-04	  -7.8136472e-05	   4.4713562e-04	   2.2473799e-04	   4.5291607e-08	
   7.8569084e-01	   1.5746681e+03	   1.0402052e+00	  -2.1140750e-01	   1.6009436e-03	  -7.2118430e-04	   3.4137434e-04	  -7.8362078e-05	   4.4464762e-04	  -2.4409509e-04	  -4.5330893e-08	
   7.9208833e-01	   1.5874899e+03	   1.0144200e+00	  -2.0526110e-01	   1.6017436e-03	  -7.1001780e-04	   3.3141364e-04	  -7.5876887e-05	   4.5362019e-04	   2.0011180e-04	   1.1642386e-12	
   7.9849470e-01	   1.6003293e+03	   1.0047445e+00	  -1.9910306e-01	   1.5129900e-03	  -6.9953653e-04	   3.0375062e-04	  -8.1652332e-05	   4.8038282e-04	  -9.5963398e-05	  -8.5516345e-14	
   8.0490971e-01	   1.6131862e+03	   9.9165428e-01	  -1.9290435e-01	   1.5412690e-03	  -6.8946043e-04	   2.9981483e-04	  -8.0360034e-05	   4.9064372e-04	   1.0305011e-04	  -4.5446896e-08	
   8.1133306e-01	   1.6260598e+03	   9.8309606e-01	  -1.8660273e-01	   1.5104119e-03	  -6.8009138e-04	   2.8440560e-04	  -8.6097709e-05	   5.9444294e-04	  -1.9722675e-04	   2.5271077e-10	
   8.1776446e-01	   1.6389495e+03	   9.5698166e-01	  -1.8026255e-01	   1.5161355e-03	  -6.7101931e-04	   2.7596197e-04	  -8.2820225e-05	   3.5098186e-04	   1.5953557e-04	  -4.5521467e-08	
   8.2420373e-01	   1.6518550e+03	   9.4478327e-01	  -1.7384729e-01	   1.4368569e-03	  -6.6254748e-04	   2.5277486e-04	  -8.6873581e-05	   5.7455857e-04	  -3.8631697e-05	   7.2486205e-11	
   8.3065051e-01	   1.6647755e+03	   9.3313277e-01	  -1.6746424e-01	   1.3905786e-03	  -6.5515161e-04	   2.3574891e-04	  -7.8787532e-05	   4.8708153e-04	   2.9418334e-05	   1.4119941e-10	
   8.3710450e-01	   1.6777104e+03	   9.2193925e-01	  -1.6108842e-01	   1.3608380e-03	  -6.4846914e-04	   2.2199619e-04	  -7.5454787e-05	   4.8581467e-04	  -3.9621482e-05	  -4.5628095e-08	
   8.4356552e-01	   1.6906595e+03	   9.0931356e-01	  -1.5472759e-01	   1.3533918e-03	  -6.4129633e-04	   2.1207189e-04	  -6.8918518e-05	   4.6071879e-04	   8.0274949e-05	   4.5484416e-08	
   8.5003322e-01	   1.7036219e+03	   9.0398657e-01	  -1.4836977e-01	   1.3064820e-03	  -6.3428824e-04	   1.9623910e-04	  -6.7174798e-05	   4.8460049e-04	  -3.4040979e-05	   1.8114130e-13	
   8.5650736e-01	   1.7165973e+03	   8.9741552e-01	  -1.4206702e-01	   1.2815497e-03	  -6.2712491e-04	   1.8415236e-04	  -6.5495769e-05	   4.7728739e-04	  -2.8617771e-05	   2.5481155e-13	
   8.6298764e-01	   1.7295850e+03	   8.8193363e-01	  -1.3580561e-01	   1.2775018e-03	  -6.1964191e-04	   1.7522807e-04	  -6.9476519e-05	   4.9655075e-04	  -1.0105603e-04	   1.4091171e-10	
   8.6947381e-01	   1.7425845e+03	   8.6171496e-01	  -1.2957822e-01	   1.1636361e-03	  -6.1347301e-04	   1.5245638e-04	  -7.1179616e-05	   6.7841471e-04	   3.1601664e-04	   4.5790543e-08	
   8.7596554e-01	   1.7555951e+03	   8.7267071e-01	  -1.2336225e-01	   1.1223248e-03	  -6.0680631e-04	   1.3977104e-04	  -7.5655327e-05	   5.5392884e-04	  -3.1342497e-04	   2.4030325e-13	
   8.8246262e-01	   1.7686165e+03	   8.5436362e-01	  -1.1725816e-01	   1.1431429e-03	  -5.9988262e-04	   1.3525758e-04	  -7.9938720e-05	   5.5971043e-04	   1.9099562e-04	   3.9307529e-11	
   8.8896471e-01	   1.7816478e+03	   8.5035473e-01	  -1.1112940e-01	   1.0189543e-03	  -5.9391093e-04	   1.1435082e-04	  -8.3059131e-05	   5.7090411e-04	  -1.0404657e-04	  -1.2403326e-13	
   8.9547151e-01	   1.7946886e+03	   8.3982468e-01	  -1.0495565e-01	   1.0807316e-03	  -5.8805902e-04	   1.1450501e-04	  -8.2562059e-05	   5.5535050e-04	   2.2336621e-05	   1.3329629e-15	
   9.0198284e-01	   1.8077385e+03	   8.2713491e-01	  -9.8705024e-02	   1.0075042e-03	  -5.8260519e-04	   1.0044440e-04	  -7.9223988e-05	   5.5180507e-04	  -4.0260300e-05	  -3.2845136e-11	
   9.0849841e-01	   1.8207969e+03	   8.1153333e-01	  -9.2392765e-02	   9.9305424e-04	  -5.7756022e-04	   9.2784729e-05	  -7.6329830e-05	   5.3282676e-04	   5.7572131e-05	   1.3882122e-13	
   9.1501784e-01	   1.8338630e+03	   8.0242622e-01	  -8.6003266e-02	   9.0072630e-04	  -5.7367771e-04	   7.8518904e-05	  -7.5122669e-05	   5.4814713e-04	   1.6956907e-05	  -2.8585542e-11	
   9.2154092e-01	   1.8469365e+03	   7.9707611e-01	  -7.9614423e-02	   9.1392221e-04	  -5.6916877e-04	   7.3810363e-05	  -6.9707967e-05	   4.8250490e-04	   8.1270846e-06	  -1.3857868e-13	
   9.2806733e-01	   1.8600166e+03	   7.9366350e-01	  -7.3204473e-02	   8.0370501e-04	  -5.6468905e-04	   5.9854268e-05	  -6.8939567e-05	   5.5478804e-04	   4.8778955e-05	  -2.4013029e-11	
   9.3459690e-01	   1.8731030e+03	   7.9598814e-01	  -6.6792406e-02	   7.8820460e-04	  -5.6023122e-04	   5.3586868e-05	  -6.7946938e-05	   5.6315085e-04	  -4.1047519e-05	   1.5118350e-13	
   9.4112921e-01	   1.8861949e+03	   7.9290366e-01	  -6.0351916e-02	   7.2859379e-04	  -5.5594876e-04	   4.4778568e-05	  -7.0140755e-05	   5.7112973e-04	  -5.7361631e-05	  -1.4950053e-11	
   9.4766402e-01	   1.8992920e+03	   7.7931219e-01	  -5.3902503e-02	   7.5436529e-04	  -5.5133604e-04	   4.1527033e-05	  -6.8788293e-05	   5.8593013e-04	  -2.4667557e-05	  -7.6720097e-14	
   9.5420116e-01	   1.9123936e+03	   7.6695520e-01	  -4.7462143e-02	   6.2864396e-04	  -5.4638571e-04	   3.0810490e-05	  -6.9992231e-05	   5.9996621e-04	   1.8981587e-04	   1.6489646e-11	
   9.6074021e-01	   1.9254990e+03	   7.7369767e-01	  -4.1056994e-02	   6.2098989e-04	  -5.4236263e-04	   2.6558671e-05	  -6.5470289e-05	   5.8818352e-04	  -2.0998834e-04	   2.8414576e-11	
   9.6728092e-01	   1.9386078e+03	   7.6216584e-01	  -3.4613509e-02	   5.4078130e-04	  -5.3927244e-04	   1.9721387e-05	  -6.0027884e-05	   5.7891151e-04	   2.3475458e-04	   4.6114586e-08	
   9.7382307e-01	   1.9517195e+03	   7.7255380e-01	  -2.8117919e-02	   4.8809379e-04	  -5.3655857e-04	   1.4621650e-05	  -5.0024213e-05	   5.7341054e-04	  -1.2650101e-04	   9.9111474e-12	
   9.8036629e-01	   1.9648333e+03	   7.7210414e-01	  -2.1587033e-02	   4.7044043e-04	  -5.3393358e-04	   1.0858442e-05	  -4.1123902e-05	   5.2087050e-04	  -3.2408650e-05	   2.0405606e-14	
   9.8691040e-01	   1.9779489e+03	   7.6223129e-01	  -1.5092046e-02	   4.3462715e-04	  -5.3179043e-04	   7.5914104e-06	  -3.2893120e-05	   5.6478760e-04	   1.7347329e-05	  -4.6162654e-08	
   9.9345505e-01	   1.9910656e+03	   7.6028055e-01	  -8.5867913e-03	   3.5765170e-04	  -5.2984193e-04	   4.2942625e-06	  -3.4924054e-05	   5.7835964e-04	   1.5595389e-04	  -1.0990810e-13	
